ISPP=0
PTHAT=30,80,170,280,370,540
PTHATWEIGHTS=1,0.00862041,0.000192516,.0000113492,.00000252377,.000000407815,
/data/cmcginn/Forests/Pythia6HydjetDijet/LargeConeRAA_20180601/akCs8PU3PFFlowJetAnalyzer/20190116/HiForestAOD_PbPb_MCDijet80_20180521_ExcludeTop4_ExcludeToFrac_Frac0p7_Full_5Sigma_180601_150232_MERGED_akCs8PU3PFFlowJetAnalyzer.root
