ISPP=1
PTHAT=30,80,170,280,370,540
PTHATWEIGHTS=1,0.0128952,0.000294747,.0000395835,.0000114137,.00000192733
/data/cmcginn/Forests/Pythia6Dijet/LargeConeRAA_20180712/ak4PFJetAnalyzer/20190116/HiForestAOD_pp_MCDijet170_20180712_ExcludeTop4_ExcludeToFrac_Frac0p7_5Sigma_180712_193621_85_OutOf85_MERGED_ak4PFJetAnalyzer.root
